     0/149     1.17G   0.04808   0.01558   0.01593   0.07959         9       640    0.4258   0.02248   0.02294  0.004282   0.06082   0.01398   0.01416
     1/149     3.85G   0.04617   0.01191   0.01603   0.07411        15       640   0.01227    0.1272  0.005912  0.001133   0.05882  0.009505   0.01462
     2/149     4.66G   0.04822   0.01117   0.01699   0.07639        16       640   0.03069    0.1833   0.01374  0.002851    0.0583  0.008428   0.01441
     3/149     4.66G   0.04917   0.01068   0.01728   0.07713        18       640   0.02771    0.1357   0.00921  0.001556   0.05549  0.007839   0.01358
     4/149     4.66G   0.04787   0.01005   0.01696   0.07488        18       640  0.004208   0.09663  0.002747  0.000482   0.05265  0.008067   0.01413
     5/149     4.66G   0.04596  0.009695   0.01652   0.07218        15       640   0.02071    0.2475   0.01349  0.002071   0.06199  0.007611   0.04156
     6/149     4.66G   0.04751  0.009809   0.01692   0.07424        12       640   0.01373    0.1377  0.008971  0.001293   0.05305  0.007217   0.01539
     7/149     4.66G    0.0462  0.009269   0.01603    0.0715         9       640   0.02396    0.1724   0.01786  0.002673   0.04981  0.007765   0.01351
     8/149     4.66G   0.04553   0.01018   0.01609    0.0718        14       640   0.03781   0.06207   0.01797  0.003606   0.05389  0.006676   0.03632
     9/149     4.66G    0.0469   0.00981    0.0168   0.07352        10       640   0.02185   0.01351   0.01274  0.002135   0.06305  0.006738   0.01531
    10/149     4.66G   0.04377   0.01002   0.01581    0.0696        17       640   0.01273    0.2148   0.01036  0.001576   0.05262  0.007385   0.01386
    11/149     4.66G    0.0408  0.009933   0.01493   0.06566        15       640   0.09316    0.2248     0.117   0.04073   0.04945   0.00747   0.01372
    12/149     4.66G   0.04159   0.01038   0.01511   0.06708        13       640   0.05226    0.1547   0.06484   0.01106   0.05084  0.007398   0.01367
    13/149     4.66G   0.04046   0.01018   0.01441   0.06505        12       640   0.09909    0.2509    0.0784   0.01261   0.05099  0.007304   0.01387
    14/149     4.66G    0.0411   0.01032   0.01513   0.06655         6       640   0.02055    0.1162   0.01309  0.002446   0.04858  0.007697   0.01346
    15/149     4.66G   0.04068   0.01008   0.01482   0.06559        11       640    0.2204     0.315    0.1015   0.01632   0.04568  0.007533    0.0134
    16/149     4.66G   0.03938   0.01011   0.01399   0.06348        12       640   0.04308    0.3596   0.05075  0.008564   0.04624  0.007469   0.01332
    17/149     4.66G   0.03868  0.009898   0.01403   0.06261         6       640   0.07302     0.285   0.05613  0.009571   0.04645  0.007537   0.01312
    18/149     4.66G   0.03747   0.01025   0.01375   0.06147        10       640    0.1214    0.4985    0.1503   0.03209   0.04658  0.007364   0.01318
    19/149     4.66G    0.0396   0.01019   0.01445   0.06424        17       640   0.06937    0.3411   0.04706   0.00697   0.05133  0.007058   0.01315
    20/149     4.66G   0.03552  0.009686   0.01349   0.05869        23       640   0.06225    0.2915   0.04661   0.01075    0.0502  0.006969   0.01312
    21/149     4.66G   0.03653   0.01038   0.01397   0.06088        13       640    0.1069    0.4223    0.1008   0.02663   0.04928  0.006846   0.01325
    22/149     4.66G   0.03668   0.01057   0.01391   0.06116         8       640   0.08466    0.4427    0.0851   0.02272   0.04679  0.007148   0.01311
    23/149     4.66G   0.03712   0.01045   0.01444   0.06201         8       640   0.09549    0.3743   0.09807   0.02867   0.04832  0.006998   0.01291
    24/149     4.66G   0.03813   0.01045   0.01398   0.06255        13       640    0.1648    0.3469    0.1741   0.06218   0.04777  0.007074    0.0128
    25/149     4.66G   0.03799   0.01061   0.01387   0.06247         5       640    0.1094    0.4017    0.1253   0.03965   0.04947  0.007143   0.01276
    26/149     4.66G   0.03521   0.01037   0.01353   0.05911        18       640    0.1235    0.4262      0.16    0.0594   0.04847  0.006842   0.01273
    27/149     4.66G    0.0336    0.0104   0.01351    0.0575        11       640    0.1676    0.4578     0.203   0.08403   0.04475  0.007257   0.01273
    28/149     4.66G   0.03671   0.01118   0.01407   0.06196        15       640    0.1233    0.3596    0.1011   0.02577   0.05141  0.007206   0.01291
    29/149     4.66G   0.03356   0.01027   0.01323   0.05705         7       640    0.1614    0.4292     0.182   0.05708   0.04626  0.007123   0.01269
    30/149     4.66G    0.0345   0.01025   0.01354   0.05828        15       640     0.224    0.5079    0.2357   0.07909   0.04745  0.006823   0.01271
    31/149     4.66G   0.03276   0.01029    0.0128   0.05585         7       640    0.2414    0.4147    0.2268   0.08061   0.04798  0.006908   0.01287
    32/149     4.66G   0.03409   0.01034   0.01337    0.0578         9       640     0.226    0.4448    0.2482   0.08868   0.04824  0.006979   0.01254
    33/149     4.66G   0.03086  0.009812   0.01243    0.0531         8       640    0.2943    0.3885    0.2452   0.08483   0.04655  0.006928   0.01238
    34/149     4.66G   0.03389  0.009937   0.01323   0.05706        19       640    0.2444    0.3566    0.1994   0.05314   0.05211  0.006592   0.01268
    35/149     4.66G   0.03294   0.01011   0.01291   0.05595        21       640     0.265    0.4949    0.2831    0.1149   0.04901  0.006937   0.01246
    36/149     4.66G   0.03422  0.009731   0.01308   0.05704         7       640    0.4343    0.3426    0.3022    0.1214   0.05079  0.006706   0.01216
    37/149     4.66G   0.03178  0.009888   0.01251   0.05418        10       640    0.4246    0.3663    0.3113    0.1256   0.04746  0.006879   0.01197
    38/149     4.66G   0.03072  0.009814   0.01226   0.05279        10       640    0.3255    0.4643    0.3088    0.1143   0.04646  0.007015   0.01181
    39/149     4.66G   0.03234   0.00936   0.01259   0.05429        13       640    0.3376    0.5397    0.3214    0.1394   0.04467  0.006668   0.01236
    40/149     4.66G   0.03112  0.009639    0.0123   0.05305        17       640    0.2798    0.5134     0.303    0.1169   0.04291  0.006883   0.01216
    41/149     4.66G    0.0307  0.009382   0.01246   0.05254        18       640    0.3148    0.4721    0.3241    0.1385   0.04273  0.006676   0.01191
    42/149     4.66G   0.03057  0.009544   0.01215   0.05226         9       640    0.4004    0.4703     0.355    0.1533   0.04581  0.006581     0.012
    43/149     4.66G   0.02785  0.008959   0.01122   0.04803        12       640    0.3717     0.524     0.396    0.1553   0.04416  0.006616   0.01167
    44/149     4.66G    0.0301  0.009855   0.01212   0.05207        22       640    0.3798    0.4706     0.368    0.1578   0.04525  0.006632   0.01169
    45/149     4.66G   0.02969  0.009312   0.01169   0.05069        11       640    0.2965     0.504    0.2752   0.09496   0.04367  0.006871   0.01121
    46/149     4.66G   0.03249   0.01014   0.01265   0.05527        19       640    0.3444    0.4717     0.308    0.1412    0.0443  0.006442   0.01103
    47/149     4.66G   0.02759  0.009168   0.01142   0.04819        22       640    0.4307    0.4996    0.4475    0.2234   0.04462  0.006296   0.01089
    48/149     4.66G   0.03022  0.009681   0.01181   0.05171        18       640    0.4679    0.4954    0.4636    0.2119   0.04487  0.006196   0.01071
    49/149     4.66G   0.02721  0.009285   0.01083   0.04733        16       640    0.4653    0.4913    0.4496    0.2352   0.04395  0.006344   0.01089
    50/149     4.66G   0.02811  0.009001   0.01089     0.048        22       640     0.494     0.558    0.4869    0.2424   0.04174  0.006118   0.01053
    51/149     4.66G   0.02732  0.009184   0.01119   0.04769         8       640    0.4439    0.5295    0.4242    0.2014   0.04242  0.006286   0.01068
    52/149     4.66G    0.0295  0.009533   0.01126   0.05029        13       640    0.5414    0.5217    0.4941    0.2595   0.04156  0.006041   0.01031
    53/149     4.66G    0.0275  0.009127   0.01115   0.04778        11       640    0.5909    0.5468    0.5146     0.244   0.03838  0.006389   0.01042
    54/149     4.66G   0.02695   0.00914  0.009911     0.046         6       640     0.443     0.519    0.4111    0.1879   0.03627  0.006413   0.01002
    55/149     4.66G   0.02672  0.009354   0.01066   0.04673        16       640    0.4445     0.613    0.4337    0.1988   0.03673   0.00652    0.0102
    56/149     4.66G   0.02791  0.009371   0.01053    0.0478        14       640    0.3262    0.5915    0.2943    0.1295   0.03599  0.008362   0.01049
    57/149     4.66G   0.02741  0.009423   0.01054   0.04738        18       640    0.3504    0.6314    0.3771    0.1736   0.03483  0.006665   0.01108
    58/149     4.66G   0.02746  0.009605   0.01114    0.0482        15       640    0.5027    0.5476    0.4733    0.2096   0.03357  0.006462   0.01046
    59/149     4.66G   0.02719  0.009249   0.01063   0.04707        10       640    0.5136    0.5237    0.5047    0.2683   0.03471  0.006206   0.01028
    60/149     4.66G   0.02576  0.009209   0.01001   0.04498        16       640    0.5199    0.6297    0.5239    0.2667    0.0356  0.006051   0.01043
    61/149     4.66G   0.02641  0.009432   0.01005   0.04589        10       640    0.5297    0.6437    0.5734    0.2727   0.03525  0.006177  0.009912
    62/149     4.66G   0.02743  0.009247    0.0107   0.04738         9       640    0.4731    0.6212    0.4569    0.2491   0.03226   0.00639   0.01048
    63/149     4.66G   0.02578  0.009127   0.01001   0.04491        15       640     0.649    0.5323    0.5437    0.3134   0.03352  0.006226  0.009907
    64/149     4.66G   0.02576  0.009261  0.009652   0.04468        12       640    0.5777    0.5998     0.559     0.303    0.0351  0.005996  0.009545
    65/149     4.66G   0.02589  0.009139   0.01044   0.04547        19       640    0.5699    0.5915    0.5166    0.2842   0.03487  0.006303  0.009641
    66/149     4.66G   0.02406  0.008966  0.009705   0.04273        15       640    0.5556    0.6303    0.5384    0.2807   0.03226  0.006234  0.009658
    67/149     4.66G   0.02565  0.009284  0.009633   0.04457        10       640     0.539    0.6765    0.5377    0.2741   0.03203  0.006319  0.009315
    68/149     4.66G   0.02567  0.009385   0.01057   0.04562        12       640    0.5608    0.6014    0.5673    0.3107   0.03241  0.006365   0.00946
    69/149     4.66G    0.0274  0.008826    0.0106   0.04683        15       640     0.542    0.6322    0.5449    0.2993   0.03183   0.00613   0.01003
    70/149     4.66G   0.02398  0.008885  0.009637    0.0425         7       640    0.5665    0.5836    0.5382     0.329   0.03204  0.006225   0.01001
    71/149     4.66G   0.02709  0.009167   0.01029   0.04654        17       640    0.5841    0.6374    0.5455    0.3336   0.03227  0.006197  0.009606
    72/149     4.66G   0.02409  0.008833  0.009884    0.0428        11       640    0.5225    0.6038    0.4546    0.2428   0.03612  0.006515  0.009727
    73/149     4.66G   0.02405    0.0093  0.009654     0.043        10       640    0.6213    0.6039    0.6057    0.3407   0.03407  0.006223  0.009934
    74/149     4.66G    0.0262  0.009051  0.009783   0.04503        12       640    0.5228    0.6808    0.5808    0.3587   0.03481  0.005872  0.009632
    75/149     4.66G   0.02487  0.008839  0.009429   0.04314         9       640    0.5072    0.6467    0.5809    0.3183   0.03273  0.006098   0.00988
    76/149     4.66G    0.0253  0.009169  0.009918   0.04438         7       640    0.4861    0.6999    0.5659     0.334   0.03191  0.006173  0.009686
    77/149     4.66G    0.0249  0.009531   0.01058   0.04502        19       640    0.5534    0.6263    0.5827    0.3395   0.03669  0.006173  0.009596
    78/149     4.66G   0.02457  0.008918  0.009619   0.04311         9       640    0.5124    0.5362    0.4868    0.2563   0.03656  0.006576  0.009835
    79/149     4.66G   0.02266  0.008858  0.009471   0.04099        12       640    0.3968    0.6628    0.3964    0.1827   0.03261  0.006818  0.009181
    80/149     4.66G   0.02541  0.009276  0.009472   0.04416        22       640    0.6547    0.5874    0.5988    0.3777   0.03163  0.005992  0.009756
    81/149     4.66G   0.02689  0.009329   0.01095   0.04717        10       640     0.573    0.6178    0.5381    0.3169   0.03492  0.006405  0.009348
    82/149     4.66G    0.0272  0.009344   0.01089   0.04743         7       640    0.5269    0.6204    0.5338    0.2952   0.03476  0.006412  0.008894
    83/149     4.66G   0.02677  0.009549   0.01024   0.04655         9       640    0.4758     0.544     0.426    0.2435   0.03568  0.006025   0.01019
    84/149     4.66G   0.02493   0.00893  0.009679   0.04354        13       640     0.552    0.6683    0.5808    0.3369   0.03411  0.005878  0.008533
    85/149     4.66G   0.02764  0.009314   0.01028   0.04723        10       640    0.5632    0.6204    0.5353    0.3116   0.03485  0.006254  0.008489
    86/149     4.66G   0.02487  0.008759   0.01008   0.04371         9       640    0.5721    0.7177    0.5766    0.3599   0.03232  0.005926  0.009221
    87/149     4.66G   0.02565   0.00885   0.01005   0.04455        12       640    0.4984    0.6692    0.5252    0.3269   0.03297   0.00595  0.009712
    88/149     4.66G   0.02299  0.008924  0.009444   0.04136         9       640    0.5721    0.7196     0.571    0.3397   0.03456     0.006  0.009906
    89/149     4.66G   0.02529  0.008941  0.009552   0.04379        21       640    0.5984     0.653    0.5992    0.3647   0.03231  0.006017  0.008989
    90/149     4.66G   0.02666  0.008701  0.009783   0.04514         8       640    0.6269    0.6167    0.5712    0.3275   0.03107  0.006238  0.009049
    91/149     4.66G   0.02393  0.008712  0.008967   0.04161        12       640    0.5975    0.6583    0.5625    0.3338   0.03089  0.006059  0.008147
    92/149     4.66G   0.02723  0.009133   0.01006   0.04642        13       640    0.5523    0.5821    0.4919     0.282   0.03124  0.006037  0.008459
    93/149     4.66G    0.0243  0.008581  0.008576   0.04145        13       640    0.5845    0.6603    0.5893    0.3674    0.0321  0.005723  0.008463
    94/149     4.66G   0.02543  0.009016   0.01003   0.04448        16       640    0.6326    0.6909    0.6354    0.4096   0.03124  0.005961   0.00822
    95/149     4.66G   0.02307  0.008615  0.009104   0.04079        10       640    0.6005    0.6679    0.6247    0.3749   0.02951  0.005959   0.00788
    96/149     4.66G    0.0257  0.008919  0.009642   0.04426        15       640    0.5886    0.6778    0.6115    0.3784   0.03077  0.006139  0.007597
    97/149     4.66G   0.02372  0.008813  0.008861   0.04139         8       640    0.6427    0.7019    0.6409    0.3928   0.03048  0.005862  0.008347
    98/149     4.66G   0.02455  0.009192  0.008989   0.04273         4       640     0.509    0.6483    0.5316    0.3207   0.03032  0.006161   0.01083
    99/149     4.66G   0.02466  0.009095  0.008573   0.04233         9       640    0.4948    0.6868    0.4738    0.2812   0.03055   0.00631  0.009627
   100/149     4.66G   0.02626  0.008862  0.008968   0.04409        14       640    0.6284    0.6623    0.5874    0.3684   0.03112   0.00612   0.01216
   101/149     4.66G   0.02375  0.008556  0.009097    0.0414        15       640    0.7049    0.6356    0.6423    0.4145   0.03068  0.005906   0.01277
   102/149     4.66G   0.02343  0.008637  0.008798   0.04086        10       640    0.7087    0.6798    0.6732    0.4257   0.02953  0.005772  0.007732
   103/149     4.66G   0.02389  0.008769  0.009453   0.04211         8       640    0.5351    0.5212    0.5009    0.3177   0.03231  0.006406   0.01203
   104/149     4.66G   0.02498  0.009284    0.0106   0.04487        14       640    0.5202    0.5065    0.4713    0.2857   0.03392   0.00629   0.01145
   105/149     4.66G   0.02377  0.009082  0.009934   0.04279         8       640     0.523    0.4974    0.4976    0.3059   0.03363  0.006506  0.009447
   106/149     4.66G   0.02424  0.009024  0.009717   0.04298        14       640    0.6015    0.5996    0.5873    0.3613   0.03049  0.006033  0.008505
   107/149     4.66G     0.026  0.009043  0.009656   0.04469        12       640    0.5541    0.6651    0.5519    0.3254    0.0301  0.005995  0.007943
   108/149     4.66G   0.02441  0.009022  0.009939   0.04337        13       640    0.6813    0.5963    0.6141    0.3945   0.03042  0.005855  0.008558
   109/149     4.66G   0.02359  0.009196  0.009013    0.0418        11       640    0.6857    0.6199    0.6663    0.4352   0.03042  0.005797  0.008084
   110/149     4.66G   0.02463  0.008917  0.009457   0.04301        17       640    0.6875    0.6047    0.6605     0.435   0.02931  0.005701  0.007258
   111/149     4.66G   0.02409  0.008807  0.009344   0.04224        12       640     0.654    0.6944    0.6961    0.4654   0.02752   0.00563  0.007068
   112/149     4.66G   0.02333  0.008986  0.008932   0.04124        25       640    0.6391    0.7079    0.7061    0.4496    0.0284   0.00558  0.007238
   113/149     4.66G   0.02346  0.008933  0.008959   0.04135        13       640    0.6942    0.6956    0.7214     0.492    0.0279  0.005527  0.006975
   114/149     4.66G   0.02271  0.008658  0.008927    0.0403        13       640    0.7124    0.6289    0.7018    0.4696   0.02783  0.005661  0.006957
   115/149     4.66G   0.02432  0.008795  0.008871   0.04198        18       640      0.75    0.6223    0.7045    0.4614   0.02845  0.005643  0.006475
   116/149     4.66G   0.02345    0.0088   0.00918   0.04143         7       640    0.7389    0.6579    0.7237    0.4812   0.02685  0.005659  0.006554
   117/149     4.66G   0.02392  0.008967  0.008903   0.04179        13       640    0.7635    0.6281    0.7103    0.4621   0.02676  0.005768  0.006784
   118/149     4.66G   0.02287  0.009642   0.00877   0.04128        12       640    0.6675    0.6303    0.6133    0.3734   0.02935  0.006076  0.007558
   119/149     4.66G   0.02531  0.009396  0.009016   0.04372         9       640    0.6715    0.6603    0.6541     0.421   0.02915  0.006157   0.00713
   120/149     4.66G   0.02381   0.00896  0.009462   0.04224        13       640    0.7773    0.6197    0.6968    0.4541   0.02689  0.005992  0.007129
   121/149     4.66G   0.02487  0.009387  0.009183   0.04344        11       640    0.6848    0.7044    0.6778    0.4457   0.02749  0.006165  0.007396
   122/149     4.66G   0.02327  0.009033  0.008882   0.04118        26       640    0.7674    0.6155    0.6847    0.4351   0.02788  0.006006  0.006803
   123/149     4.66G   0.02199  0.008928  0.008789   0.03971        18       640    0.7775    0.6159    0.7128    0.4572   0.02787   0.00601  0.006492
   124/149     4.66G   0.02257  0.008519  0.008783   0.03987        18       640    0.6674    0.6754    0.6984    0.4461   0.02766  0.005975  0.006457
   125/149     4.66G   0.02391  0.008949  0.008803   0.04166        13       640    0.7319    0.6122    0.6889    0.4507    0.0271  0.006021  0.006565
   126/149     4.66G   0.02291  0.008724  0.008918   0.04056        10       640    0.6937    0.6618    0.6827    0.4359   0.02795  0.006023  0.006393
   127/149     4.66G   0.02277   0.00892  0.008112    0.0398        18       640     0.679    0.6928    0.6773    0.4404   0.02809  0.005866  0.006712
   128/149     4.66G    0.0228  0.008671  0.008441   0.03991        13       640    0.6886    0.6715    0.6815    0.4484    0.0277   0.00594   0.00675
   129/149     4.66G   0.02474  0.008638  0.008617     0.042         7       640    0.7116    0.6982    0.7313    0.4831   0.02671  0.005837  0.006442
   130/149     4.66G   0.02391  0.008997  0.008583   0.04149        15       640    0.7599    0.6297    0.7062    0.4569   0.02616  0.005895  0.006855
   131/149     4.66G   0.02296  0.008743  0.008494   0.04019        15       640    0.7651    0.6171    0.7189    0.4655   0.02676  0.005885  0.006697
   132/149     4.66G   0.02297  0.008871  0.008535   0.04037        14       640    0.6897     0.675    0.7092    0.4535    0.0261  0.006134  0.006638
   133/149     4.66G   0.02138  0.008335  0.007606   0.03732         8       640    0.6433    0.7446    0.7059    0.4667   0.02641  0.005933  0.006631
   134/149     4.66G   0.02224  0.008409  0.008662   0.03931        10       640    0.6677     0.718    0.6919    0.4546   0.02637  0.006007  0.006421
   135/149     4.66G   0.02201  0.008643  0.007854   0.03851         7       640    0.7139    0.6776     0.729    0.4781   0.02593  0.006068  0.006481
   136/149     4.66G   0.02423  0.008476  0.008852   0.04155        13       640    0.6897    0.6867     0.705    0.4671   0.02591  0.006107  0.006338
   137/149     4.66G   0.02263  0.008783  0.008446   0.03986        14       640    0.7137    0.6362    0.6613     0.439   0.02654  0.006223  0.006344
   138/149     4.66G   0.02357  0.008578  0.008796   0.04094        16       640     0.702    0.6876    0.7238    0.4973   0.02622    0.0058  0.006286
   139/149     4.66G   0.02153   0.00859  0.008403   0.03853        12       640    0.7027    0.6763    0.6964    0.4605   0.02628  0.006141  0.006139
   140/149     4.66G   0.02159  0.008242  0.008176     0.038        12       640    0.6949     0.655    0.7015    0.4715   0.02679  0.005949   0.00627
   141/149     4.66G   0.02218  0.008983  0.007966   0.03913        25       640     0.642    0.7044    0.6695    0.4542   0.02726  0.006152  0.006065
   142/149     4.66G   0.02038  0.008208  0.007558   0.03615        22       640    0.7012    0.6431    0.6642    0.4374   0.02677  0.006163   0.00582
   143/149     4.66G   0.02199  0.008541  0.008472     0.039        17       640    0.6911     0.716    0.7155    0.4796   0.02633  0.005932  0.005676
   144/149     4.66G   0.02153  0.008574  0.007849   0.03795        11       640    0.6964    0.7042    0.7162    0.4805   0.02658  0.005916  0.005615
   145/149     4.66G   0.02004  0.008485  0.008011   0.03654        18       640    0.6526    0.7289    0.6876    0.4667   0.02578  0.006048  0.005749
   146/149     4.66G   0.02283  0.008652  0.007788   0.03927        11       640    0.7569     0.642     0.731    0.4946   0.02619   0.00591  0.005608
   147/149     4.66G   0.02197  0.008393  0.008255   0.03862        16       640    0.6848    0.6683    0.6653    0.4477   0.02619   0.00617  0.005564
   148/149     4.66G   0.02141  0.008273  0.007879   0.03756         9       640    0.6576    0.7287    0.7061    0.4802   0.02592  0.006071  0.005701
   149/149     4.66G   0.02205  0.008542  0.008466   0.03906        13       640    0.6832    0.7008    0.6839    0.4517   0.02584  0.005863  0.006412
