2 0.8671875 0.1359375 0.26328125 0.1984375
2 0.05625 0.6109375 0.1125 0.59609375
2 0.215625 0.24921875 0.1859375 0.4640625
2 0.59453125 0.43359375 0.30078125 0.246875
2 0.45859375 0.1171875 0.10703125 0.234375
2 0.95078125 0.3125 0.09609375 0.18359375
2 0.36796875 0.2484375 0.13125 0.43984375
2 0.3265625 0.67421875 0.20234375 0.53203125
2 0.2265625 0.6515625 0.13671875 0.57421875
2 0.48515625 0.80546875 0.1359375 0.3890625
2 0.60078125 0.71640625 0.1484375 0.56640625
2 0.9078125 0.72734375 0.140625 0.47578125
2 0.80703125 0.9859375 0.1515625 0.028125
2 0.87734375 0.91953125 0.24453125 0.15859375