0 0.565625 0.94921875 0.13203125 0.09609375
0 0.10546875 0.90546875 0.13515625 0.18359375
0 0.5546875 0.2921875 0.20859375 0.1234375
0 0.6109375 0.4140625 0.1453125 0.071875
0 0.42578125 0.1078125 0.16953125 0.10625
0 0.35078125 0.41640625 0.12109375 0.18515625
0 0.63671875 0.7234375 0.240625 0.11328125
0 0.046875 0.77109375 0.07890625 0.24140625
0 0.63125 0.26328125 0.1609375 0.13203125
0 0.4328125 0.04140625 0.084375 0.0828125
0 0.58984375 0.1125 0.1859375 0.225
0 0.64921875 0.153125 0.04296875 0.19765625
0 0.56796875 0.15859375 0.1234375 0.10078125